weeks:	wt	wt	wt	wt	wt	wt	wt	wt	wt	wt	wt	wt	wt	wt	wt	wt	wt	wt	wt	wt	wt	wt	wt	wt	wt	hetero	hetero	hetero	hetero	hetero	hetero	hetero	hetero	hetero	hetero	hetero	hetero	hetero	hetero	hetero	hetero	hetero	hetero	hetero	hetero	hetero	hetero	hetero	hetero	hetero	triple ko	triple ko	triple ko	triple ko	triple ko	triple ko	triple ko	triple ko	triple ko	triple ko	triple ko	triple ko	triple ko	triple ko	triple ko	triple ko	triple ko	triple ko	triple ko	triple ko	triple ko	triple ko	triple ko	triple ko	triple ko
7.	0.	5.	0.	3.	0.	5.	0.	0.	0.	0.	0.	6.	0.	0.	0.	2.	0.	0.	0.	0.	0.	0.	0.	0.	3.	0.	0.	0.	0.	0.	0.	0.	0.	0.	0.	0.	0.	0.	1.	0.	0.	0.	0.	0.	0.	0.	0.	0.	3.	0.	0.	0.	0.	0.	0.	0.	0.	2.	0.	0.	0.	0.	0.	0.	0.										
8.	0.	2.	4.	4.	0.	12.	3.	2.	0.	0.	0.	6.	0.	0.	0.	2.	0.	0.	0.	0.	0.	0.	3.	0.	2.	0.	0.	0.	0.	0.	0.	0.	0.	0.	0.	0.	0.	1.	0.	0.	0.	0.	0.	0.	0.	0.	0.	1.	3.	0.	0.	0.	0.	0.	0.	0.	0.	1.	0.	0.	0.	0.	0.	0.	0.										
9.	0.	2.	12.	6.	0.	14.	6.	2.	0.	4.	0.	6.	0.	0.	1.	0.	0.	3.	0.	0.	0.	4.	0.	0.	2.	0.	0.	0.	0.	0.	0.	0.	0.	0.	0.	0.	0.	0.	0.	0.	2.	0.	0.	0.	0.	0.	0.	0.	5.	0.	0.	0.	0.	2.	0.	0.	3.	1.	0.	0.	0.	0.	0.	0.	1.										
10.	0.	2.	12.	6.	0.	16.	11.	0.	1.	4.	0.	10.	0.	0.	1.	0.	0.	0.	8.	0.	2.	0.	5.	0.	6.	0.	0.	0.	2.	0.	0.	0.	0.	1.	0.	0.	0.	0.	0.	0.	2.	1.	0.	0.	0.	0.	0.	0.	6.	0.	0.	0.	0.	2.	0.	0.	2.	1.	0.	0.	0.	1.	0.	0.	1.										
11.	0.	3.	17.	9.	0.	16.	11.	0.	1.	6.	0.	11.	0.	0.	1.	0.	0.	2.	6.	0.	3.	0.	12.	0.	8.	0.	0.	0.	2.	1.	0.	0.	0.	1.	0.	0.	0.	2.	0.	0.	2.	1.	0.	0.	0.	0.	2.	0.	7.	0.	0.	0.	0.	2.	0.	0.	1.	1.	0.	0.	0.	1.	0.	1.	1.										
13.	0.	3.	20.	11.	0.	22.	11.	0.	1.	8.	0.	11.	0.	0.	2.	1.	1.	2.	6.	0.	3.	0.	12.	0.	9.	1.	1.	0.	3.	1.	0.	0.	0.	1.	0.	0.	0.	2.	0.	0.	3.	2.	0.	0.	0.	0.	2.	0.	7.	0.	0.	0.	0.	2.	0.	0.	1.	1.	0.	0.	0.	1.	0.	0.	1.										
13.	0.	3.	18.	15.	0.	22.	12.	0.	1.	9.	0.	13.	0.	1.	2.	1.	1.	3.	6.	0.	6.	0.	12.	0.	9.	0.	1.	0.	3.	1.	0.	0.	0.	1.	0.	0.	0.	3.	0.	0.	3.	2.	0.	0.	0.	0.	2.	0.	7.	0.	0.	0.	0.	2.	0.	0.	1.	1.	0.	0.	0.	1.	0.	0.	1.										
14.	0.	0.	20.	14.	3.	22.	14.	0.	0.	8.	0.	15.	0.	0.	1.	0.	2.	4.	2.	8.	11.	4.	1.	13.	7.	0.	0.	4.	0.	1.	2.	0.	0.	0.	0.	0.	0.	3.	0.	0.	2.	0.	0.	4.	1.	2.	0.	0.	0.	9.	0.	0.	0.	2.	0.	0.	2.	1.	0.	0.	0.	1.	0.	0.	1.										
15.	0.	13.	22.	0.	5.	21.	16.	10.	0.	0.	0.	0.	1.	14.	0.	10.	0.	4.	2.	2.	15.	1.	2.	6.	13.	0.	1.	0.	2.	6.	1.	3.	0.	0.	0.	3.	0.	0.	0.	0.	0.	0.	1.	1.	2.	10.	1.	0.	0.	0.	1.	0.	0.	0.	1.	0.	1.	1.	0.	0.	0.	1.	0.	1.	0.										
16.	0.	7.	22.	15.	0.	18.	17.	0.	0.	12.	0.	17.	0.	0.	0.	2.	2.	7.	14.	1.	6.	0.	20.	1.	11.	1.	1.	0.	4.	1.	0.	0.	3.	1.	0.	8.	0.	4.	0.	0.	4.	2.	1.	1.	2.	0.	1.	0.	9.	0.	0.	0.	1.	1.	0.	0.	1.	1.	2.	0.	1.	2.	0.	4.	1.										
17.	0.	7.	27.	13.	0.	25.	26.	0.	0.	18.	0.	20.	0.	0.	0.	2.	2.	7.	14.	1.	6.	0.	18.	0.	12.	0.	1.	0.	4.	1.	0.	0.	2.	1.	0.	0.	0.	4.	0.	0.	4.	0.	1.	1.	0.	0.	1.	0.	9.	0.	0.	2.	1.	1.	0.	0.	1.	1.	1.	0.	1.	1.	0.	4.	1.										
18.	0.	7.	23.	9.	0.	19.	22.	0.	1.	14.	0.	20.	0.	0.	0.	1.	1.	5.	13.	1.	4.	0.	14.	0.	10.	0.	0.	1.	2.	2.	0.	0.	2.	1.	0.	0.	0.	6.	0.	0.	3.	0.	0.	1.	0.	0.	2.	0.	11.	0.	0.	2.	1.	1.	0.	0.	1.	1.	1.	0.	0.	1.	0.	2.	1.										
19.	1.	4.	23.	9.	0.	19.	20.	0.	1.	15.	0.	19.	0.	0.	0.	1.	1.	5.	14.	1.	3.	0.	10.	0.	8.	0.	0.	1.	1.	2.	0.	0.	1.	1.	0.	0.	0.	6.	0.	0.	2.	0.	0.	1.	0.	0.	2.	0.	11.	0.	0.	2.	1.	1.	0.	0.	2.	0.	0.	0.	0.	1.	0.	2.	1.										
20.	1.	4.	23.	9.	0.	20.	20.	0.	1.	16.	0.	23.	0.	0.	0.	1.	1.	5.	15.	1.	2.	0.	9.	0.	8.	0.	0.	1.	1.	2.	0.	0.	0.	1.	0.	0.	0.	4.	0.	0.	2.	0.	0.	1.	0.	0.	2.	0.	11.	0.	0.	1.	1.	1.	0.	0.	1.	0.	0.	0.	0.	1.	0.	1.	1.										
21.	1.	4.	23.	8.	0.	19.	18.	0.	1.	15.	0.	23.	0.	0.	0.	1.	1.	6.	15.	1.	2.	0.	7.	0.	7.	0.	0.	1.	1.	2.	0.	0.	0.	1.	0.	0.	0.	4.	0.	0.	1.	0.	0.	1.	0.	0.	2.	0.	11.	0.	0.	1.	1.	1.	0.	0.	1.	0.	0.	0.	0.	1.	0.	1.	1.										
22.	1.	4.	23.	7.	0.	15.	18.	0.	1.	15.	0.	24.	0.	0.	0.	1.	1.	6.	14.	1.	2.	1.	6.	0.	6.	0.	1.	1.	1.	2.	0.	0.	0.	1.	0.	0.	0.	5.	0.	0.	1.	0.	0.	1.	0.	0.	2.	0.	10.	0.	0.	0.	1.	1.	0.	0.	1.	0.	0.	0.	0.	1.	0.	1.	1.										
23.	1.	4.	21.	7.	0.	13.	18.	0.	1.	15.	0.	24.	0.	0.	0.	2.	1.	6.	14.	1.	1.	1.	5.	0.	6.	0.	1.	1.	1.	2.	0.	0.	0.	1.	0.	0.	0.	4.	0.	0.	1.	0.	0.	1.	0.	0.	1.	0.	9.	0.	0.	0.	1.	2.	0.	0.	1.	0.	0.	0.	0.	1.	0.	1.	1.										
24.	1.	4.	21.	7.	0.	12.	18.	0.	1.	15.	0.	26.	0.	0.	0.	2.	1.	6.	14.	1.	1.	1.	5.	0.	6.	0.	1.	1.	1.	2.	0.	0.	0.	1.	0.	0.	0.	4.	0.	0.	1.	0.	0.	1.	0.	0.	1.	0.	9.	0.	0.	0.	1.	2.	0.	0.	1.	0.	0.	0.	0.	1.	0.	1.	1.										
25.	1.	4.	20.	5.	0.	12.	15.	0.	0.	16.	0.	28.	0.	0.	1.	2.	0.	8.	17.	1.	1.	1.	5.	0.	5.	0.	1.	1.	1.	2.	0.	0.	0.	1.	0.	0.	0.	3.	0.	0.	1.	0.	0.	1.	0.	0.	1.	0.	9.	0.	0.	0.	1.	2.	0.	0.	1.	0.	0.	0.	0.	1.	0.	1.	1.										
26.	1.	4.	20.	5.	0.	11.	17.	0.	0.	16.	0.	29.	0.	0.	1.	2.	0.	8.	15.	1.	1.	1.	5.	0.	5.	0.	1.	1.	1.	2.	0.	0.	0.	1.	0.	0.	0.	3.	0.	0.	1.	0.	0.	1.	0.	0.	1.	0.	9.	0.	0.	0.	1.	2.	0.	0.	1.	0.	0.	0.	0.	1.	0.	1.	1.										
27.	1.	4.	19.	5.	0.	11.	17.	0.	0.	16.	0.	28.	0.	0.	1.	2.	0.	8.	15.	1.	0.	1.	5.	0.	5.	0.	1.	1.	1.	2.	0.	0.	0.	0.	0.	0.	0.	3.	0.	0.	1.	0.	0.	1.	0.	0.	1.	0.	9.	0.	0.	1.	1.	1.	0.	0.	1.	0.	0.	0.	0.	1.	0.	1.	1.										
28.	1.	4.	19.	5.	0.	11.	17.	0.	0.	16.	0.	28.	0.	0.	1.	2.	0.	8.	16.	1.	0.	1.	5.	0.	5.	0.	1.	1.	1.	2.	0.	0.	0.	0.	0.	0.	0.	3.	0.	0.	1.	0.	0.	1.	0.	0.	1.	0.	9.	0.	0.	1.	1.	1.	0.	0.	1.	0.	0.	0.	0.	1.	0.	1.	1.										
29.	1.	4.	19.	4.	0.	11.	15.	0.	0.	17.	0.	27.	0.	0.	1.	2.	0.	8.	15.	1.	0.	1.	5.	0.	4.	0.	1.	1.	1.	2.	0.	0.	0.	0.	0.	0.	0.	3.	0.	0.	1.	0.	0.	0.	0.	0.	1.	0.	9.	0.	0.	1.	1.	1.	0.	0.	0.	0.	0.	0.	0.	1.	0.	1.	1.										
30.	2.	4.	18.	3.	0.	9.	14.	0.	0.	17.	0.	27.	0.	0.	1.	2.	0.	8.	15.	1.	0.	1.	5.	0.	5.	0.	1.	1.	1.	2.	0.	0.	0.	0.	0.	0.	0.	3.	0.	0.	1.	0.	0.	0.	0.	0.	1.	0.	9.	0.	0.	1.	1.	1.	0.	0.	0.	0.	0.	0.	0.	1.	0.	1.	1.										
31.	2.	4.	18.	3.	0.	9.	15.	0.	0.	17.	0.	26.	0.	0.	1.	2.	0.	8.	15.	1.	0.	1.	5.	0.	5.	0.	1.	1.	1.	2.	0.	0.	0.	0.	0.	0.	0.	3.	0.	0.	1.	0.	0.	0.	0.	0.	1.	0.	9.	0.	0.	1.	1.	1.	0.	0.	0.	0.	0.	0.	0.	1.	0.	1.	1.										
32.	3.	4.	16.	2.	0.	9.	15.	0.	0.	16.	0.	25.	0.	0.	1.	2.	0.	9.	15.	1.	0.	1.	5.	0.	5.	0.	1.	1.	1.	2.	0.	0.	0.	0.	0.	0.	0.	3.	0.	0.	1.	0.	0.	0.	0.	0.	1.	0.	9.	0.	0.	1.	1.	1.	0.	0.	0.	0.	0.	0.	0.	1.	0.	1.	1.										
33.	3.	4.	16.	2.	0.	9.	15.	0.	0.	16.	0.	19.	0.	0.	1.	2.	0.	9.	15.	1.	0.	1.	5.	0.	5.	0.	1.	1.	1.	0.	0.	0.	0.	0.	0.	0.	0.	3.	0.	0.	1.	0.	0.	0.	0.	0.	1.	0.	9.	0.	0.	1.	1.	1.	0.	0.	0.	0.	0.	0.	0.	1.	0.	1.	1.										
34.	3.	4.	15.	2.	0.	9.	14.	0.	0.	16.	0.	19.	0.	0.	1.	2.	0.	9.	14.	1.	0.	1.	5.	0.	5.	0.	1.	1.	1.	0.	0.	0.	0.	0.	0.	0.	0.	3.	0.	0.	1.	0.	0.	0.	0.	0.	1.	0.	9.	0.	0.	1.	1.	1.	0.	0.	0.	0.	0.	0.	0.	1.	0.	1.	1.										
35.	3.	4.	15.	2.	0.	9.	13.	0.	0.	18.	0.	16.	0.	0.	1.	2.	0.	10.	14.	1.	0.	1.	5.	0.	6.	0.	1.	1.	1.	0.	0.	0.	0.	0.	0.	0.	0.	3.	0.	0.	1.	0.	0.	0.	0.	0.	1.	0.	10.	0.	1.	1.	1.	1.	0.	0.	0.	0.	0.	0.	0.	1.	0.	1.	1.										
36.	3.	6.	15.	2.	0.	11.	13.	0.	1.	16.	1.	19.	0.	0.	1.	2.	0.	8.	12.	1.	0.	1.	5.	0.	5.	0.	2.	1.	1.	0.	0.	0.	0.	0.	0.	0.	0.	3.	0.	0.	1.	0.	0.	0.	0.	0.	1.	0.	10.	0.	0.	1.	1.	2.	0.	0.	0.	0.	0.	0.	0.	1.	0.	1.	1.										
37.	4.	8.	15.	2.	0.	11.	12.	0.	1.	14.	0.	17.	0.	0.	1.	2.	0.	9.	10.	1.	0.	1.	5.	0.	6.	0.	2.	1.	1.	0.	0.	0.	0.	0.	0.	0.	0.	3.	0.	0.	1.	0.	0.	0.	0.	1.	0.	0.	10.	0.	0.	1.	1.	1.	0.	0.	0.	0.	0.	0.	0.	1.	0.	1.	1.										
38.	3.	6.	15.	2.	0.	11.	11.	0.	0.	13.	0.	16.	0.	0.	1.	2.	0.	9.	11.	0.	0.	1.	5.	0.	6.	0.	2.	1.	1.	0.	0.	0.	0.	0.	0.	0.	0.	3.	0.	0.	1.	0.	0.	0.	0.	1.	0.	0.	10.	0.	0.	1.	0.	1.	0.	0.	0.	0.	0.	0.	0.	1.	0.	1.	0.										
39.	4.	8.	15.	2.	0.	11.	12.	0.	0.	16.	0.	16.	0.	0.	1.	2.	0.	9.	10.	1.	0.	1.	5.	0.	6.	0.	2.	1.	1.	0.	0.	0.	1.	0.	0.	0.	0.	3.	0.	0.	1.	2.	0.	0.	0.	1.	0.	0.	8.	1.	0.	1.	0.	1.	0.	0.	0.	0.	1.	0.	0.	1.	0.	1.	0.										
40.	4.	7.	15.	2.	0.	11.	12.	0.	0.	14.	0.	16.	0.	0.	1.	2.	0.	9.	9.	0.	0.	1.	5.	0.	6.	0.	2.	1.	1.	0.	0.	0.	1.	0.	0.	0.	0.	3.	0.	0.	1.	2.	0.	0.	0.	1.	0.	0.	9.	1.	0.	1.	0.	1.	0.	0.	0.	0.	0.	0.	0.	1.	0.	1.	0.										
41.	2.	7.	15.	2.	0.	8.	9.	0.	0.	13.	0.	16.	0.	0.	1.	2.	0.	10.	9.	0.	0.	1.	5.	0.	6.	0.	2.	1.	1.	0.	0.	0.	0.	0.	0.	0.	0.	3.	0.	0.	1.	1.	0.	0.	0.	0.	0.	0.	10.	1.	0.	1.	0.	0.	0.	0.	0.	0.	0.	0.	0.	1.	0.	1.	0.										
42.	3.	7.	15.	2.	0.	11.	7.	0.	0.	13.	0.	16.	0.	0.	1.	2.	0.	9.	7.	0.	0.	1.	5.	0.	5.	0.	2.	1.	0.	0.	0.	0.	0.	0.	0.	0.	0.	3.	0.	0.	1.	0.	0.	0.	0.	0.	0.	0.	10.	1.	0.	1.	0.	0.	0.	0.	0.	0.	0.	0.	0.	1.	0.	1.	0.										
43.	4.	5.	15.	2.	0.	10.	7.	0.	0.	12.	0.	16.	0.	0.	1.	2.	0.	9.	9.	0.	0.	1.	5.	0.	6.	0.	2.	1.	1.	0.	0.	1.	0.	0.	0.	0.	0.	3.	0.	0.	1.	2.	1.	0.	0.	0.	0.	0.	8.	1.	0.	1.	0.	0.	0.	0.	0.	0.	0.	0.	0.	1.	0.	1.	0.										
44.	4.	5.	15.	2.	0.	10.	7.	0.	0.	12.	0.	16.	1.	0.	1.	2.	0.	9.	8.	0.	0.	1.	5.	0.	6.	0.	2.	1.	1.	0.	0.	1.	0.	0.	0.	0.	0.	3.	1.	0.	1.	2.	1.	0.	0.	0.	0.	0.	8.	1.	0.	1.	0.	0.	0.	0.	0.	0.	0.	0.	0.	0.	0.	1.	0.										
45.	4.	5.	15.	2.	0.	10.	7.	0.	0.	10.	0.	16.	0.	0.	1.	1.	0.	8.	9.	0.	0.	1.	5.	0.	6.	0.	2.	1.	2.	0.	0.	1.	0.	0.	0.	0.	0.	3.	1.	0.	1.	2.	0.	1.	0.	1.	0.	0.	8.	1.	0.	1.	0.	0.	0.	0.	0.	0.	0.	0.	0.	0.	0.	1.	0.										
46.	4.	4.	15.	2.	0.	10.	6.	0.	0.	10.	0.	16.	0.	0.	1.	1.	0.	8.	9.	0.	0.	1.	5.	0.	6.	0.	2.	1.	1.	0.	0.	0.	0.	0.	0.	0.	0.	3.	1.	0.	1.	1.	0.	0.	0.	0.	0.	0.	8.	1.	0.	1.	0.	0.	0.	0.	0.	0.	0.	0.	0.	0.	0.	1.	0.										
47.	4.	5.	15.	2.	0.	10.	8.	0.	0.	10.	0.	16.	0.	0.	1.	1.	0.	8.	9.	0.	0.	0.	5.	0.	6.	0.	2.	1.	1.	0.	0.	0.	0.	0.	0.	0.	0.	3.	1.	0.	0.	0.	0.	0.	0.	0.	0.	0.	8.	1.	0.	1.	0.	0.	0.	0.	0.	0.	0.	0.	0.	0.	0.	1.	0.										
48.	4.	4.	15.	2.	0.	10.	7.	0.	0.	10.	0.	16.	0.	0.	1.	1.	0.	8.	9.	0.	0.	1.	5.	0.	6.	0.	2.	1.	1.	0.	0.	0.	0.	0.	0.	0.	0.	3.	1.	0.	1.	1.	0.	0.	0.	0.	0.		8.	2.	0.	1.	0.	0.	0.	0.	0.	0.	0.	0.	0.	0.	0.	1.	0.										
49.	4.	4.	15.	2.	0.	10.	7.	6.	0.	10.	0.	16.	0.	0.	1.	1.	0.	8.	9.	0.	0.	1.	5.	0.	6.	0.	1.	2.	2.	0.	1.	0.	0.	0.	0.	0.	0.	3.	1.	0.	1.	2.	0.	1.	0.	0.	0.	0.	8.	3.	0.	1.	0.	0.	1.	0.	0.	0.	1.	0.	0.	0.	0.	1.	0.										
50.	6.	4.	15.	2.	1.	10.	7.	5.	1.	10.	1.	16.	0.	0.	1.	1.	0.	8.	9.	0.	0.	1.	5.	0.	6.	0.	1.	2.	2.	0.	1.	0.	0.	0.	0.	0.	0.	3.	2.	0.	1.	2.	0.	1.	0.	0.	0.	0.	8.	3.	1.	0.	0.	0.	1.	0.	0.	0.	1.	0.	0.	0.	0.	1.	0.										
51.	6.	4.	15.	2.	1.	10.	7.	4.	1.	10.	1.	16.	1.	0.	1.	1.	0.	7.	9.	0.	0.	1.	5.	0.	6.	0.	1.	2.	1.	0.	1.	0.	0.	0.	0.	0.	0.	3.	2.	0.	1.	2.	0.	1.	0.	0.	0.	0.	8.	3.	1.	0.	0.	0.	0.	0.	0.	0.	0.	0.	0.	0.	0.	1.	0.										
52.	5.	4.	15.	2.	0.	10.	7.	4.	1.	10.	1.	16.	1.	1.	1.	1.	0.	7.	9.	0.	0.	1.	5.	0.	6.	0.	1.	2.	1.	0.	1.	0.	0.	0.	0.	0.	0.	3.	4.	0.	1.	2.	0.	1.	0.	0.	0.	0.	8.	3.	1.	0.	0.	0.	0.	0.	0.	0.	0.	0.	0.	0.	0.	1.	0.										
53.	5.	4.	15.	2.	0.	10.	7.	4.	1.	10.	1.	16.	1.	0.	1.	1.	0.	7.	9.	0.	0.	1.	5.	0.	6.	0.	1.	2.	1.	0.	1.	0.	0.	0.	0.	0.	0.	3.	5.	0.	0.	1.	0.	1.	0.	0.	0.	0.	8.	2.	1.	0.	0.	0.	0.	0.	0.	0.	0.	0.	0.	1.	0.	1.	0.										
54.	6.	4.	15.	2.	0.	10.	7.	4.	0.	10.	1.	16.	1.	0.	1.	1.	0.	8.	9.	0.	0.	1.	5.	0.	5.	0.	1.	0.	1.	0.	1.	0.	0.	0.	0.	0.	0.	3.	4.	0.	1.	1.	0.	1.	0.	0.	0.	0.	8.	2.	1.	1.	0.	0.	1.	0.	0.	0.	1.	0.	0.	1.	0.	1.	0.										
55.	6.	4.	15.	2.	1.	10.	7.	4.	0.	10.	1.	16.	1.	0.	1.	1.	0.	8.	9.	0.	0.	1.	5.	0.	5.	0.	1.	2.	1.	0.	1.	0.	0.	0.	0.	0.	0.	3.	5.	0.	1.	1.	0.	1.	0.	0.	0.	0.	8.	2.	2.	1.	0.	0.	1.	0.	0.	0.	1.	0.	0.	1.	0.	1.	0.										
56.	4.	4.	15.	2.	1.	10.	7.	4.	0.	10.	1.	16.	1.	0.	1.	1.	0.	6.	9.	0.	0.	1.	5.	0.	5.	0.	1.	1.	1.	0.	1.	0.	0.	0.	0.	0.	0.	3.	5.	0.	1.	1.	0.	1.	0.	0.	0.	0.	8.	3.	2.	1.	0.	0.	1.	0.	0.	0.	1.	0.	0.	1.	0.	1.	0.										
57.	4.	4.	15.	2.	0.	10.	7.	4.	0.	10.	0.	16.	0.	0.	1.	1.	0.	9.	9.	0.	0.	1.	5.	0.	3.	1.	1.	0.	1.	0.	1.	0.	0.	0.	0.	0.	0.	3.	5.	0.	1.	1.	0.	1.	0.	0.	0.	0.	8.	1.	1.	0.	0.	0.	1.	0.	0.	0.	0.	0.	0.	1.	0.	1.	0.										
58.	4.	4.	15.	2.	1.	10.	7.	4.	0.	10.	1.	16.	1.	0.	1.	1.	0.	7.	9.	0.	0.	1.	5.	0.	4.	0.	1.	2.	1.	0.	1.	0.	0.	0.	0.	0.	0.	3.	9.	0.	3.	1.	0.	1.	0.	1.	0.	0.	8.	2.	1.	2.	0.	0.	1.	0.	0.	0.	1.	0.	0.	1.	0.	1.	0.										
59.	4.	4.	15.	2.	1.	10.	7.	4.	0.	10.	1.	16.	2.	0.	1.	1.	0.	8.	9.	0.	0.	1.	5.	0.	6.	2.	1.	0.	1.	0.	1.	0.	0.	0.	0.	0.	0.	3.	9.	0.	3.	1.	0.	1.	0.	1.	0.	0.	8.	2.	1.	2.	0.	0.	0.	0.	0.	0.	0.	0.	0.	1.	0.	1.	0.										
60.	4.	4.	15.	2.	1.	10.	7.	4.	1.	10.	1.	16.	2.	0.	1.	1.	0.	8.	9.	0.	0.	1.	5.	0.	7.	3.	1.	0.	1.	0.	1.	0.	0.	0.	0.	1.	0.	3.	8.	0.	3.	1.	0.	1.	0.	1.	0.	0.	8.	2.	2.	2.	0.	0.	1.	1.	0.	0.	0.	0.	0.	1.	0.	1.	0.										
61.	4.	4.	15.	2.	1.	10.	7.	5.	1.	10.	1.	16.	2.	0.	1.	1.	0.	8.	9.	0.	0.	1.	5.	0.	7.	3.	1.	0.	1.	0.	1.	0.	0.	0.	0.	1.	0.	3.	8.	0.	3.	1.	0.	1.	0.	1.	0.	0.	8.	2.	2.	2.	0.	0.	2.	1.	0.	0.	0.	0.	0.	1.	0.	1.	0.										
62.	4.	4.	15.	2.	0.	10.	7.	4.	0.	10.	1.	16.	1.	0.	1.	1.	0.	9.	9.	0.	0.	1.	5.	0.	6.	1.	1.	0.	1.	0.	1.	0.	0.	0.	0.	0.	0.	3.	7.	0.	2.	1.	0.	0.	0.	0.	0.	0.	8.	1.	1.	0.	0.	0.	0.	0.	0.	0.	0.	0.	0.	1.	0.	1.	0.										
63.	4.	4.	15.	2.	1.	10.	7.	4.	1.	10.	3.	16.	1.	0.	1.	1.	1.	5.	9.	0.	1.	1.	5.	0.	5.	0.	0.	0.	1.	0.	1.	0.	0.	0.	0.	1.	0.	3.	10.	0.	4.	1.	0.	1.	0.	0.	0.	0.	8.	2.	2.	0.	0.	0.	1.	0.	0.	0.	0.	0.	0.	1.	0.	1.	0.										