									
									
									
									
									
									
									
									
									
									
									
									
									
									
									
									
									
									
									
									
									
									
									
									
									
									
									
									
									
									
									
									
									
									
									
									
									
									
									
									
									
									
									
									
									
									
									
									
									
									
									
									
									
									
									
									
									
									
									
									
									
									
									
									
									
									
									
									
									
									
									
									
									
									
									
									
									
									
									
									
									
									
									
									
									
									
									
									
									
									
									
									
									
									
									
									
									
									
									
									
									
									
									
									
									
									
									
									
									
									
									
									
									
									
									
									
									
									
									
									
									
									
									
									
									
									
									
									
									
									
									
									
									
									
									
									
									
									
									
									
									
									
									
									
									
									
									
									
									
									
									
									
									
									
									
									
									
									
									
									
									
									
									
									
									
									
									
									
									
									
									
									
									
									
									
									
									
									
									
									
									
									
									
									
									
									
									
									
									
									
									
									
									
									
									
									
									
									
									
									
									
									
									
									
									
									
									
									
									
									
									
									
									
									
									
									
									
									
									
									
									
									
									
									
									
									
									
									
									
									
									
									
									
									
									
									
									
									
									
25.00000	4.064	3.617	3.451	3.943	2.941	3.604	3.868	3.358	3.545
12.50000	3.725	2.301	2.838	3.685	3.382	2.846	3.675	2.545	3.086
6.25000	2.793	1.862	1.549	2.933	1.850	1.815	2.971	1.783	2.833
3.12500	1.553	1.123	0.932	1.297	1.063	0.972	1.647	1.126	1.155
1.56250	0.499	0.453	0.537	0.465	0.390	0.552	0.511	0.411	0.514
0.78125	0.448	0.433	0.563	0.395	0.367	0.558	0.421	0.376	0.527
0.00000	0.062	0.062	0.059	0.064	0.062	0.062	0.063	0.066	0.066